31740487379
11646731163
352560620
12381453315
40952776678
33711698282
6757584413
1632835816
5953117459
40280680559
3885170005
200090353
210582049
1491006842
28337949981
308282848
291179653
13997350055
55254453
8016049688
4142479337
33781512087
1474296421
461096267
33718037968
34322194829
32921126195
50152310
1570078436
33443763
1421954574
851364645
6116239036
30890812316
365051906
636973233
8164705578
4855485356
16130952608
226708621
264611218
532291174
299296906
15544469191
11153926400
4888301636
4042838246
8270097271
224005016
593769456
1098648183
7913968139
18935715
4786695526
1599113870
2876350955
4517811469
612803257
255814375
5529287732
257950138
552656793
9944388412
8387069841
1025780196
6725285316
11363781387
1459034031
675087265
320055968
15155135611
3668367280
186695316
1211217639
14997534449
5407836919
3995337812
11415591349
1624625455
8061175478
4274049830
4842564399
5531896496
10105516375
5390488747
2290689354
8341941538
3565878917
263978739
16617718238
242891408
5819468089
2214033267
243927979
375181722
11151767278
1746157431
5876231225
208977408
1491409837
1632737703
2371928999
10946362644
7113557913
721224010
1332837540
2115176886
11947022601
6619432662
188426944
204903580
363973161
387479244
707269647
10269120
4470465558
7961968653
5645796729
9133481311
783996125
6387015400
494950013
6219575788
4759209849
8140478852
211887535
225902195
677859296
371157693
651724505
3220167
213425865
6709801079
3283670992
6464662982
5767080012
5328704228
767304544
2268722551
6116230255
1410024155
4990432556
6080131217
980889746
193718902
5821571622
216969888
18391840
1709612373
5574652899
5554053448
4634508155
373266903
1288826616
31114515
3971345432
2370843693
669857149
3432906317
1419694625
2305078231
4513363113
419203180
294144929
2122269782
3740448626
3671996634
175494744
287665997
3306042974
1402577074
1480401007
2711843900
1799325471
2347874451
271037249
1103972033
2990754891
641841545
594653828
758897369
2245002093
709966780
328489613
306213194
1767175015
1454831082
2065029807
339804893
1543816507
1658874169
1589934699
180550726
300785855
1431312418
836092414
700105321
259109886
1399491549
570147386
328596278
984621426
1235203135
394785861
207317949
1094743968
557774471
228333725
353485592
276899587